31.0
63.0
0.0
0.0
0.0
0.0
0.0
0.0
0.0
0.0
0.0
0.0
0.0
0.0
0.0
0.0
0.0
0.0
0.0
0.00245098
0.0
0.0
0.0
0.00245098
0.00490196
0.0
0.0
0.0
0.00245098
0.00245098
0.00490196
0.0
0.0
0.0
0.0
0.0
0.0
0.0
0.0
0.0
0.00212314
0.0
0.00212314
0.0
0.00212314
0.00212314
0.00212314
0.0147368
0.0273684
0.0168421
0.00631579
0.00421053
0.0168421
0.0442105
0.0589474
0.0210526
0.00842105
0.00842105
0.00631579
0.0126316
0.0168421
0.652632
0.0522979
0.0459588
0.0427892
0.0412044
0.0507132
0.0507132
0.0602219
0.10935
0.0792393
0.044374
0.0507132
0.0649762
0.0697306
0.0713154
0.103011
0.0198556
0.0306859
0.0198556
0.00902527
0.00541516
0.00902527
0.00361011
0.00722022
0.0108303
0.0144404
0.0848375
0.0920578
0.0613718
0.108303
0.451264
0.0
0.121339
0.468619
0.146444
0.0523013
0.0606695
0.0439331
0.0125523
0.0083682
0.00209205
0.0
0.0
0.0
0.0
0.0
0.0
0.064
0.1776
0.192
0.1424
0.096
0.064
0.048
0.0496
0.0432
0.0256
0.008
0.0064
0.0048
0.0048
0.016187
0.0971223
0.22482
0.232014
0.163669
0.0827338
0.0521583
0.0233813
0.0125899
0.00899281
0.00359712
0.00539568
0.00359712
0.00179856
0.0
0.0
0.0
0.0
0.0
0.0
0.0
0.0
0.0
0.0
0.0
0.0
0.0
0.0
0.0
0.0
0.0
0.0
0.0
0.0
0.0
0.0
0.0
0.0
0.0
0.0
0.0
0.00212314
0.0
0.0
0.0
0.0
0.0
0.00212314
0.0
0.0
0.0
0.0
0.0
0.00211795
0.0
0.0
0.00211279
0.0
0.0
0.00212314
2.92609E-4
0.0140044
0.0188688
8.39825E-4
0.0261659
0.0293376
3.3441E-4
0.016151
0.0190409
5.70017E-5
0.00606585
0.00866811
2.28007E-5
0.0040073
0.0051538
1.52005E-4
0.0160292
0.00858966
1.59605E-4
0.0416993
0.00340505
4.25613E-4
0.0531368
0.00650851
2.28007E-4
0.0195069
0.0100351
1.21604E-4
0.00806325
0.0138269
7.14421E-4
0.00801461
0.0807428
5.81417E-4
0.00593045
0.0864411
7.75223E-4
0.0118082
0.0573713
0.00182405
0.015721
0.101094
0.294509
0.591682
0.40912
0.0
0.0
0.016187
0.0117847
0.11404
0.0912804
0.105355
0.397944
0.190914
0.033977
0.122855
0.194643
0.0085601
0.0457819
0.143268
0.00501942
0.0553553
0.0754871
0.00229147
0.0412905
0.0490209
2.93489E-4
0.0119774
0.0223104
1.05355E-4
0.00797275
0.011995
1.88134E-5
0.00200542
0.0086204
0.0
0.0
0.00350733
0.0
0.0
0.00535286
0.0
0.0
0.00357425
0.0
0.0
0.00178997
0.0
0.0
0.0
0.0
0.0
0.0
0.0
0.0
0.0
0.0
0.0
0.0
0.0
0.0
0.0
0.0
0.0
0.0
0.0
0.0
0.0
0.0
0.0
0.0
0.0
0.0
0.0
0.0
0.0
0.0
0.0
0.0
0.0
0.0
0.0
0.0
0.0
0.0
0.0
0.0
0.0
0.0
0.0
0.0
0.0
0.0
0.0
0.0
0.0
0.0
0.0
0.0
0.0
0.0
0.0
0.0
0.0
0.0
0.0
0.0
0.0
0.0
0.0
0.0
0.0
0.0
0.0
0.0
0.0
0.0
0.0
0.0
0.0
0.0
0.0
0.0
0.0
0.0
0.0
0.0
0.0
0.0
0.0
0.0
0.0
0.0
0.0
0.0
0.0
0.0
0.0
0.0
0.0
0.0
0.0
0.0
0.0
0.0
0.0
0.0
0.0
0.0
0.0
0.0
0.0
0.0
0.0
0.00878477
0.0468521
0.045388
0.102489
0.0775988
0.0292826
0.033675
0.183016
0.414348
0.0
0.0
0.00145349
0.00436047
0.00581395
0.0130814
0.107558
0.148256
0.113372
0.111919
0.135174
0.228198
0.0712209
0.00145349
0.0
0.0
0.0
0.0
0.0
0.001443
0.044733
0.0634921
0.037518
0.04329
0.0937951
0.126984
0.12987
0.0923521
0.038961
0.269841
0.0
0.0
0.0
0.0
0.0
0.0
0.0
0.0
0.0
0.0
0.0
0.0
0.00143466
0.0
0.0
0.0441554
5.57763E-4
0.00793166
0.0573262
0.0017578
0.0408029
0.0326739
0.00196485
0.0407662
0.0388819
0.00961297
0.0921731
0.0843543
0.00985382
0.0683585
0.111863
0.00380293
0.0238419
0.10574
0.00310995
0.0314361
0.086212
0.0071305
0.18275
0.0389045
0.111808
0.414348
0.269841
0.0
0.0
0.0
0.227941
0.298529
0.120588
0.0897059
0.0514706
0.0323529
0.0264706
0.0352941
0.0220588
0.0191176
0.0161765
0.00147059
0.0
0.0
0.0
0.0303907
0.172214
0.257598
0.202605
0.121563
0.0680174
0.0477569
0.0188133
0.0101302
0.0101302
0.00289436
0.0
0.0
0.0
0.0
0.0966811
0.178932
0.142857
0.0995671
0.0995671
0.0880231
0.0808081
0.0750361
0.04329
0.020202
0.01443
0.002886
0.0
0.0
0.0
0.0220376
0.221218
0.0938295
0.0534165
0.254671
0.152645
0.0172269
0.0958878
0.113595
0.00893176
0.074593
0.0827929
0.00512478
0.0458918
0.0887753
0.00284781
0.0302925
0.0824173
0.00213904
0.0252641
0.0771248
0.00264833
0.0346424
0.0736505
9.54927E-4
0.0218376
0.0428559
3.86215E-4
0.0189259
0.0199994
2.33427E-4
0.0161298
0.0143884
4.24412E-6
0.00147059
0.002886
0.0
0.0
0.0
0.0
0.0
0.0
0.0
0.0
0.0
0.183016
0.327965
0.130307
0.0863836
0.079063
0.0600293
0.0351391
0.0219619
0.0161054
0.00146413
0.0
0.0
0.0
0.0
0.0
0.0289855
0.191304
0.305797
0.2
0.0884058
0.0536232
0.0405797
0.0188406
0.00869565
0.0057971
0.0
0.0
0.0
0.0
0.0
0.0870827
0.188679
0.182874
0.155298
0.133527
0.104499
0.053701
0.0290276
0.00580552
0.00145138
0.0
0.0
0.0
0.0
0.0
0.0159375
0.177861
0.0846297
0.0618802
0.275299
0.15838
0.0238298
0.0997915
0.140048
0.0134152
0.0719863
0.129415
0.010557
0.0726411
0.122681
0.00627302
0.0569741
0.0991809
0.001887
0.0337688
0.0516068
6.37502E-4
0.0215558
0.0284908
9.35002E-5
0.0159666
0.00575547
2.12501E-6
0.00145569
0.00144301
0.0
0.0
0.0
0.0
0.0
0.0
0.0
0.0
0.0
0.0
0.0
0.0
0.0
0.0
0.0
0.0923754
0.321114
0.217009
0.0997067
0.0762463
0.0630499
0.0381232
0.016129
0.0146628
0.00293255
0.0
0.0
0.0
0.0
0.0
0.00580552
0.0595065
0.121916
0.159652
0.155298
0.117562
0.0856313
0.0769231
0.0682148
0.0478955
0.0261248
0.0174165
0.0
0.0
0.0
0.0621387
0.196532
0.16763
0.148844
0.121387
0.0939306
0.0520231
0.0375723
0.0289017
0.0245665
0.00722543
0.00144509
0.0
0.0
0.0
0.00574009
0.0918422
0.0617801
0.0631092
0.303079
0.185494
0.0363772
0.193427
0.149414
0.0148407
0.0859799
0.128352
0.00925534
0.0659971
0.10507
0.00592231
0.0564173
0.0840496
0.00198329
0.0351161
0.0479197
6.06004E-4
0.014977
0.0348885
4.23779E-4
0.0137264
0.0270561
7.20424E-5
0.00279852
0.0234436
0.0
0.0
0.00704148
0.0
0.0
0.00142035
0.0
0.0
0.0
0.0
0.0
0.0
0.0
0.0
0.0
0.118943
0.318649
0.143906
0.0748899
0.0837004
0.0866373
0.061674
0.0279001
0.0146843
0.010279
0.0
0.0
0.0
0.0
0.0
0.0115774
0.0593343
0.156295
0.188133
0.151954
0.115774
0.0882779
0.0709117
0.0434153
0.0318379
0.0130246
0.00723589
0.00434153
0.0
0.0
0.0448625
0.144718
0.141823
0.140376
0.157742
0.138929
0.0723589
0.040521
0.040521
0.0144718
0.00434153
0.00144718
0.0
0.0
0.0
0.00533607
0.117581
0.0443491
0.0461142
0.300801
0.136612
0.0204092
0.124454
0.122653
0.0105128
0.0630315
0.118149
0.0132031
0.0726596
0.136935
0.0120364
0.0776477
0.124514
0.00446266
0.0566712
0.0664894
0.00113054
0.0260527
0.0378378
5.95022E-4
0.0140733
0.038835
1.48755E-4
0.00996184
0.0140252
0.0
0.0
0.00428571
0.0
0.0
0.00143678
0.0
0.0
0.0
0.0
0.0
0.0
0.0
0.0
0.0
0.111437
0.313783
0.171554
0.120235
0.0997067
0.0630499
0.0322581
0.0205279
0.0058651
0.00293255
0.0
0.0
0.0
0.0
0.0
0.0174165
0.0769231
0.164006
0.227866
0.188679
0.127721
0.0711176
0.0377358
0.0145138
0.0101597
0.00580552
0.0
0.0
0.0
0.0
0.0578035
0.156069
0.187861
0.196532
0.166185
0.112717
0.0491329
0.0130058
0.00144509
0.00144509
0.0
0.0
0.0
0.0
0.0
0.00644144
0.109529
0.056814
0.0489719
0.29137
0.144922
0.0322284
0.147383
0.161392
0.0236299
0.0979216
0.16006
0.0165698
0.0838803
0.139806
0.00710678
0.0559091
0.0999509
0.00158493
0.0301163
0.0458707
2.66981E-4
0.0197814
0.0125328
8.47558E-6
0.0057812
0.00142441
4.23779E-6
0.00290306
0.00143055
0.0
0.0
0.0
0.0
0.0
0.0
0.0
0.0
0.0
0.0
0.0
0.0
0.0
0.0
0.0
0.127379
0.333821
0.243045
0.103953
0.0541728
0.0512445
0.0190337
0.00732064
0.00146413
0.0
0.0
0.0
0.0
0.0
0.0
0.0101597
0.0696662
0.133527
0.164006
0.145138
0.137881
0.123367
0.0885341
0.0507983
0.0188679
0.0
0.0
0.0
0.0
0.0
0.0533911
0.242424
0.275613
0.171717
0.0966811
0.0548341
0.033189
0.00865801
0.004329
0.001443
0.0
0.0
0.0
0.0
0.0
0.00680091
0.126098
0.0528541
0.0809264
0.31208
0.226635
0.0669865
0.214415
0.243147
0.0178505
0.0893064
0.147523
0.00523748
0.0473068
0.0844275
0.00280994
0.045035
0.0481896
6.31709E-4
0.0169434
0.0295442
6.33822E-5
0.00672523
0.00795382
6.33822E-6
0.00139335
0.00411973
0.0
0.0
0.00141628
0.0
0.0
0.0
0.0
0.0
0.0
0.0
0.0
0.0
0.0
0.0
0.0
0.0
0.0
0.0
0.124633
0.285924
0.202346
0.127566
0.0865103
0.0557185
0.0337243
0.0146628
0.0058651
0.00439883
0.0
0.0
0.0
0.0
0.0
0.0188679
0.0609579
0.148041
0.20029
0.172714
0.140784
0.101597
0.0493469
0.0232221
0.0159652
0.00870827
0.00145138
0.0
0.0
0.0
0.0449275
0.15942
0.236232
0.205797
0.156522
0.0768116
0.0347826
0.0202899
0.0057971
0.00144928
0.0
0.0
0.0
0.0
0.0
0.00559947
0.122325
0.0440955
0.045582
0.269496
0.150261
0.0478006
0.176253
0.20577
0.0262527
0.106279
0.171456
0.0135407
0.0737693
0.13347
0.00427982
0.0488423
0.0673323
0.00117302
0.0306141
0.0315747
2.97505E-4
0.0139732
0.0193357
3.40006E-5
0.00573199
0.00566554
6.37511E-6
0.0043297
0.0014265
0.0
0.0
0.0
0.0
0.0
0.0
0.0
0.0
0.0
0.0
0.0
0.0
0.0
0.0
0.0
0.0982405
0.265396
0.209677
0.123167
0.0953079
0.0718475
0.0410557
0.0219941
0.00733138
0.00439883
0.00146628
0.00146628
0.0
0.0
0.0
0.0204082
0.0655977
0.138484
0.189504
0.182216
0.131195
0.0801749
0.0612245
0.0422741
0.0189504
0.0058309
0.0058309
0.0
0.0
0.0
0.0388489
0.161151
0.198561
0.16259
0.165468
0.100719
0.0647482
0.0273381
0.0129496
0.00143885
0.00431655
0.00143885
0.00143885
0.00143885
0.0
0.00381654
0.0962757
0.0380719
0.0427688
0.249058
0.151231
0.0416338
0.184172
0.174408
0.0200257
0.103545
0.136687
0.0157704
0.080618
0.139964
0.00723644
0.0635147
0.089038
0.00265828
0.0380084
0.0599423
6.01279E-4
0.0207252
0.0257609
9.49387E-5
0.00703402
0.0124244
6.32925E-6
0.00431702
0.00141209
6.32925E-6
0.00145778
0.00429152
2.10975E-6
0.00145778
0.00143051
0.0
0.0
0.00143885
0.0
0.0
0.00143885
0.0
0.0
0.0
0.0
0.0
0.0
0.0
0.00146628
0.0234604
0.0498534
0.111437
0.165689
0.450147
0.129032
0.0102639
0.0
0.0
0.0
0.0
0.0
0.0
0.0
0.0
0.0
0.0057971
0.0695652
0.295652
0.337681
0.169565
0.0478261
0.0144928
0.00144928
0.0
0.0
0.0
0.0
0.0
0.0
0.00289017
0.00722543
0.0303468
0.147399
0.304913
0.297688
0.0968208
0.0375723
0.0130058
0.00433526
0.0
0.0
0.0
0.0
0.0
0.0
0.0
0.0
0.0
0.0
0.0
0.0
0.0
0.00146628
0.0
6.78047E-5
0.0234604
0.00289017
3.60212E-4
0.049566
0.00718379
0.00338176
0.104189
0.028373
0.0244224
0.127881
0.113764
0.137256
0.336513
0.227942
0.0384113
0.110325
0.254529
9.93762E-4
0.00979545
0.0924016
0.0
0.0
0.0370355
0.0
0.0
0.012987
0.0
0.0
0.00433526
0.0
0.0
0.0
0.0
0.0117302
0.331378
0.241935
0.0439883
0.0454545
0.0762463
0.0718475
0.0513196
0.0513196
0.016129
0.0
0.0
0.0
0.0
0.00725689
0.0377358
0.226415
0.179971
0.0624093
0.0391872
0.0348331
0.0391872
0.0624093
0.177068
0.0740203
0.00145138
0.0
0.00434153
0.0101302
0.015919
0.0636758
0.309696
0.0955137
0.0492041
0.0361794
0.0492041
0.0492041
0.065123
0.065123
0.0549928
0.0738061
0.0
0.0
0.0
0.0
0.0
0.00434153
0.0
0.0
0.0101302
0.0
0.0
0.0158043
7.46931E-4
0.0113037
0.0613604
0.102627
0.270201
0.252521
0.0231082
0.205035
0.0809458
0.0021644
0.0414043
0.0463137
0.00164452
0.0437405
0.0348151
0.00375163
0.0736798
0.0475478
0.00353519
0.0691382
0.0473486
0.00334209
0.048305
0.0612975
0.00334209
0.0435996
0.0553265
8.8698E-4
0.0150174
0.0512027
0.0
0.0
0.0736991
0.217968
0.279823
0.104566
0.0765832
0.0692194
0.0250368
0.0235641
0.0427099
0.0441826
0.0220913
0.0279823
0.00736377
0.0
0.0
0.0
0.027417
0.147186
0.248196
0.207792
0.135642
0.0808081
0.047619
0.021645
0.018759
0.00577201
0.001443
0.0
0.0
0.0
0.0
0.0724638
0.127536
0.0971014
0.102899
0.113043
0.111594
0.0884058
0.0884058
0.0753623
0.0275362
0.0217391
0.0144928
0.00144928
0.0
0.0
0.0157948
0.212151
0.07053
0.0356876
0.243921
0.111173
0.0101535
0.0837733
0.0777934
0.0078803
0.0634076
0.0851956
0.00782481
0.0609518
0.0995415
0.00279396
0.0231649
0.103251
0.0020832
0.022493
0.0843873
0.0037758
0.041805
0.0865328
0.0033297
0.0433691
0.0739746
6.08311E-4
0.0219645
0.0273782
6.08311E-4
0.027942
0.0217078
1.06721E-4
0.00736377
0.0144928
0.0
0.0
0.00144928
0.0
0.0
0.0
0.0
0.0
0.0
0.20558
0.277533
0.0748899
0.0734214
0.0895742
0.0381791
0.0264317
0.0381791
0.0367107
0.0396476
0.0190896
0.020558
0.00146843
0.0
0.0
0.0173661
0.137482
0.232996
0.209841
0.160637
0.0984081
0.0680174
0.0144718
0.00289436
0.0
0.0
0.0
0.0
0.0
0.0
0.0710145
0.142029
0.111594
0.110145
0.105797
0.1
0.0811594
0.0608696
0.0666667
0.0405797
0.0275362
0.0202899
0.00434783
0.0
0.0
0.0145992
0.202071
0.0698023
0.0394177
0.243989
0.124863
0.00835728
0.0607381
0.0905066
0.008087
0.0606869
0.0910408
0.00947669
0.0771767
0.0911544
0.00381791
0.0347586
0.0910408
0.00214518
0.0247484
0.0759907
0.00232395
0.0376345
0.0600012
0.00244738
0.0366048
0.0664743
0.00160889
0.0396476
0.0405797
5.25655E-4
0.0190896
0.0275362
4.17119E-4
0.020558
0.0202899
6.38447E-6
0.00146843
0.00434783
0.0
0.0
0.0
0.0
0.0
0.0
0.0983847
0.220264
0.195301
0.071953
0.0851689
0.051395
0.0484582
0.0587372
0.0455213
0.0337739
0.0161527
0.010279
0.00587372
0.0
0.0
0.00724638
0.0347826
0.0826087
0.130435
0.178261
0.155072
0.115942
0.0855072
0.0623188
0.0463768
0.0391304
0.00434783
0.0
0.0
0.0
0.0520231
0.127168
0.134393
0.111272
0.130058
0.101156
0.0650289
0.0751445
0.0534682
0.0289017
0.0260116
0.0289017
0.00867052
0.0
0.0
0.00511828
0.0976769
0.0516489
0.0280105
0.21286
0.122893
0.0262471
0.180399
0.124138
0.00800633
0.0636507
0.0984326
0.0110769
0.0722835
0.110381
0.00519892
0.044495
0.0875755
0.00315118
0.0434235
0.0582726
0.00441377
0.0541103
0.0692252
0.00243394
0.0428509
0.0503316
9.76123E-4
0.032277
0.0276208
4.20157E-4
0.0155445
0.025032
2.97081E-4
0.0102345
0.0287766
5.09282E-5
0.00587372
0.00867052
0.0
0.0
0.0
0.0
0.0
0.0
0.0821114
0.247801
0.234604
0.101173
0.085044
0.0953079
0.0469208
0.0278592
0.016129
0.00439883
0.0
0.0
0.0
0.0
0.0
0.00435414
0.0348331
0.0943396
0.1582
0.156749
0.140784
0.0972424
0.065312
0.0595065
0.0595065
0.0478955
0.0232221
0.0
0.0
0.0
0.0606936
0.141618
0.128613
0.140173
0.145954
0.111272
0.0780347
0.0534682
0.0346821
0.0317919
0.0130058
0.00289017
0.0
0.0
0.0
0.00498364
0.0817555
0.0604305
0.0350931
0.239459
0.136852
0.0301731
0.21438
0.117525
0.0141818
0.0873536
0.121027
0.0124125
0.0735198
0.126176
0.0106051
0.083546
0.0975397
0.00366145
0.0427625
0.0711189
0.00148958
0.0261512
0.0501902
5.59388E-4
0.0152232
0.0327342
1.39847E-4
0.00415177
0.0300063
0.0
0.0
0.0124113
0.0
0.0
0.00282458
0.0
0.0
0.0
0.0
0.0
0.0
0.0
0.0
0.0
0.0720588
0.269118
0.320588
0.125
0.0529412
0.0352941
0.0323529
0.0205882
0.00882353
0.00441176
0.0
0.0
0.0
0.0
0.0
0.00868307
0.0361794
0.0969609
0.140376
0.11288
0.128799
0.125904
0.0709117
0.0578871
0.0492041
0.040521
0.0318379
0.024602
0.0173661
0.0
0.0751445
0.163295
0.148844
0.138728
0.0881503
0.0679191
0.0708092
0.0823699
0.0534682
0.015896
0.0115607
0.0144509
0.00867052
0.00289017
0.0
0.00541482
0.0714385
0.0744976
0.0439455
0.259721
0.157593
0.0477176
0.292251
0.135688
0.017341
0.109613
0.121651
0.00466678
0.0475713
0.0792092
0.00239714
0.031267
0.0601693
0.00229089
0.0287351
0.062891
0.00169585
0.019225
0.0769157
4.71778E-4
0.00834071
0.0505425
7.01292E-5
0.00420487
0.0151505
0.0
0.0
0.0111105
0.0
0.0
0.014005
0.0
0.0
0.00846233
0.0
0.0
0.00284084
0.0
0.0
0.0
0.116176
0.323529
0.195588
0.0558824
0.0485294
0.0367647
0.0338235
0.0514706
0.0338235
0.0235294
0.0132353
0.00882353
0.0
0.0
0.0
0.0130246
0.0853835
0.172214
0.180897
0.160637
0.12301
0.065123
0.0506512
0.0390738
0.0260492
0.0144718
0.00868307
0.00289436
0.0
0.0
0.0663781
0.126984
0.0995671
0.109668
0.111111
0.0981241
0.0952381
0.0894661
0.0490621
0.036075
0.038961
0.017316
0.004329
0.0
0.0
0.00771157
0.114683
0.0655246
0.0410831
0.298078
0.116995
0.0194742
0.166854
0.0849393
0.00612851
0.0473219
0.0928685
0.00539216
0.0418127
0.0957329
0.0036075
0.0327376
0.087376
0.00322129
0.0317555
0.0894151
0.00460487
0.0489892
0.085153
0.00165945
0.0325516
0.0472171
8.48824E-4
0.0229321
0.0351592
5.15661E-4
0.0130465
0.0384052
1.52788E-4
0.00874757
0.017167
0.0
0.0
0.00431651
0.0
0.0
0.0
0.0
0.0
0.0
